FUSE,RATING,NOM RES,-%,+%
0HEV Series
6
0HEV010,10,0.0128,10,10
0HEV015,15,0.00788,10,10
0HEV020,20,0.00504,10,10
0HEV030,30,0.00270,10,10
0HEV040,40,0.00197,10,10
0HEV050,50,0.00118,18,18
0SPF Series
14
0SPF001,1,0.394,10,10
0SPF002,2,0.237,10,10
0SPF003,3,0.11,10,10
0SPF03.5,3.5,0.07787,10,10
0SPF004,4,0.06127,10,15
0SPF005,5,0.04086,10,10
0SPF006,6,0.0281,10,10
0SPF008,8,0.0178,10,10
0SPF010,10,0.0125,10,10
0SPF012,12,0.00993,10,10
0SPF015,15,0.007855,10,10
0SPF020,20,0.0045,10,10
0SPF025,25,0.00353,10,10
0SPF030,30,0.00284,10,10
LVSP Series
8
LVSP005,5,0.002830,10,10
LVSP010,10,0.002535,10,10
LVSP015,15,0.001769,10,12
LVSP020,20,0.001213,10,10
LVSP030,30,0.00117,10,10
LVSP040,40,0.00082,10,10
LVSP060,60,0.000585,10,10
LVSP080,80,0.000469,10,10
0BLF Series
19
0BLF.005,0.5,1.57,16,16
0BLF001,1,0.395,10,16
0BLF01.5,1.5,0.2191,15,15
0BLF002,2,0.125,12,10
0BLF02.5,2.5,0.0946,13.3,13.3
0BLF003,3,0.0696,15.5,15.5
0BLF004,4,0.04324,13.3,13.3
0BLF005,5,0.0413,10,20
0BLF006,6,0.02842,13.3,13.3
0BLF6.25,6.25,0.02741,13.3,13.3
0BLF007,7,0.02282,13.3,13.3
0BLF008,8,0.01664,10,10
0BLF009,9,0.01364,10,10
0BLF010,10,0.0117,10,10
0BLF012,12,0.0092,10,10
0BLF015,15,0.0092,10,10
0BLF020,20,0.00528,10.9,10.9
0BLF025,25,0.00378,10,10
0BLF030,30,0.00289,10,10
0BLS Series
17
0BLS.200,0.2,36,10,10
0BLS.400,0.4,13.24,10,10
0BLS.500,0.5,1.25,10,10
0BLS.750,0.75,0.591,10,10
0BLS.800,0.8,0.524,10,10
0BLS001,1,0.944,10,10
0BLS01.5,1.5,0.19,10,10
0BLS01.6,1.6,0.18,10,10
0BLS01.8,1.8,0.143,10,10
0BLS002,2,0.2608,15,15
0BLS003,3,0.128,10,13.3
0BLS004,4,0.0464,10,10
0BLS005,5,0.033,10,23
0BLS006,6,0.0182,10,10
0BLS007,7,0.0145,10,10
0BLS008,8,0.012,10,10
0BLS010,10,0.00881,10,10
0BLN Series
1
0BLN020.T,20,.0036,10,10
0FLM Series
38
0FLM.100,0.1,188,12,10
0FLM.150,0.15,87,12,10
0FLM.200,0.2,35.109,10,10
0FLM.250,0.25,16.82,10,10
0FLM.300,0.3,6.739,10,10
0FLM.400,0.4,5.413,13.4,13.4
0FLM.500,0.5,3.79,12,8
0FLM.600,0.6,2.05,15,15
0FLM.800,0.8,1.024,18.9,18.9
0FLM001,1,1.024,18.9,18.9
0FLM1.12,1.12,0.6231,14.6,14.6
0FLM1.25,1.25,0.6231,14.6,14.6
0FLM01.4,1.4,0.395,10,16
0FLM01.5,1.5,0.339,10,10
0FLM01.6,1.6,0.286,12,10
0FLM01.8,1.8,0.253,12.2,12.2
0FLM002,2,0.2191,12,12
0FLM2.25,2.25,0.184,10,10
0FLM02.5,2.5,0.162,12,10
0FLM02.8,2.8,0.125,12,10
0FLM003,3,0.102,12,10
0FLM03.2,3.2,0.0904,13.4,13.4
0FLM03.5,3.5,0.0735,10,10
0FLM004,4,0.07,12,10
0FLM04.5,4.5,0.0561,12,12
0FLM005,5,0.0413,10,20
0FLM05.6,5.6,0.03264,12.1,12.1
0FLM006,6,0.028,15,15
0FLM6.25,6.25,0.0277,12.3,12.3
0FLM007,7,0.02133,12,12
0FLM008,8,0.01247,12,10
0FLM009,9,0.01066,12,10
0FLM010,10,0.00903,12,10
0FLM012,12,0.00698,12,10
0FLM015,15,0.0053,12,10
0FLM020,20,0.00385,15.3,10
0FLM025,25,0.00275,12,10
0FLM030,30,0.00226,12,10
0FLQ Series
37
0FLQ.100,0.1,188,12,13
0FLQ.125,0.125,125.9,10,13
0FLQ.150,0.15,87,10,15
0FLQ.187,0.187,45.5,10,15
0FLQ.200,0.2,35.109,10,10
0FLQ.250,0.25,9.7,15,15
0FLQ.300,0.3,7.4,10,10
0FLQ.400,0.4,4.325,15,15
0FLQ.500,0.5,2.76,12.1,12.1
0FLQ.600,0.6,1.88,12,12
0FLQ.800,0.8,1.03,12.2,12.2
0FLQ001,1,0.7864,12.1,12.1
0FLQ1.12,1.12,0.652,12.2,12.2
0FLQ1.25,1.25,0.509,12.2,12.2
0FLQ01.5,1.5,0.3835,12.2,12.2
0FLQ01.6,1.6,0.296,15,15
0FLQ002,2,0.2086,10,10
0FLQ2.25,2.25,0.1563,12.2,12.2
0FLQ02.5,2.5,0.1381,12.2,12.2
0FLQ003,3,0.0954,12.2,12.2
0FLQ03.2,3.2,0.0938,12.2,12.2
0FLQ03.5,3.5,0.0732,12.2,12.2
0FLQ004,4,0.0618,12.2,12.2
0FLQ04.5,4.5,0.04633,12.2,12.2
0FLQ005,5,0.0367,10,10
0FLQ05.6,5.6,0.03266,12.1,12.1
0FLQ006,6,0.0284,10,10
0FLQ6.25,6.25,0.0263,10,12
0FLQ007,7,0.0212,11,12
0FLQ008,8,0.0183,10,10
0FLQ009,9,0.0154,10,10
0FLQ010,10,0.01563,10,10
0FLQ012,12,0.01176,10,10
0FLQ015,15,0.0069,10,10
0FLQ020,20,0.00385,10,15.3
0FLQ025,25,0.00329,10,10
0FLQ030,30,0.00267,10,10
KLK Series
25
KLK.100,0.1,85.5,12,10
KLK.125,0.125,65,12,10
KLK.200,0.2,30.9,12,10
KLK.250,0.25,22,12,10
KLK.300,0.3,16.2,12,8
KLK.500,0.5,7.99,12.2,12.2
KLK.750,0.75,0.398,11.1,11.1
KLK001,1,0.249,10.9,10.9
KLK01.5,1.5,0.132,10.6,10.6
KLK002,2,0.129,13.5,13.5
KLK02.5,2.5,0.0989,10,10
KLK003,3,0.0773,10,10
KLK03.5,3.5,0.0613,10,10
KLK004,4,0.0511,10,10
KLK005,5,0.0357,10,10
KLK006,6,0.0261,10,10
KLK007,7,0.0205,10,10
KLK008,8,0.0194,10,10
KLK009,9,0.0166,10,10
KLK010,10,0.0128,10,10
KLK012,12,0.0103,10,10
KLK015,15,0.007855,13,13
KLK020,20,0.00421,10,10
KLK025,25,0.00329,10,10
KLK030,30,0.00267,15,15
0SLC Series
11
0SLC010,10,0.0218,10,10
0SLC012,12,0.0142,10,10
0SLC015,15,0.00850,10,10
0SLC020,20,0.00536,10,10
0SLC025,25,0.00378,10,10
0SLC030,30,0.003350,10,10
0SLC035,35,0.00276,10,10
0SLC040,40,0.00243,10,10
0SLC045,45,0.00221,10,10
0SLC050,50,0.001703,10,10
0SLC060,60,0.001529,10,10
CCMR Series
43
CCMR.200,0.2,40.25,10,10
CCMR.250,0.25,26.3,10,10
CCMR.300,0.3,19.71,10,10
CCMR.500,0.5,8.09,10,10
CCMR.600,0.6,5.58,10,10
CCMR.800,0.8,2.563,15,15
CCMR001,1,1.95,10,10
CCMR1.25,1.25,1.39,10,10
CCMR01.4,1.4,0.9198,10,10
CCMR01.5,1.5,0.7081,10,10
CCMR01.6,1.6,0.626,10,10
CCMR01.8,1.8,0.5679,10,10
CCMR002,2,0.392,10,10
CCMR2.25,2.25,0.278,10,10
CCMR02.5,2.5,0.3168,10,10
CCMR02.8,2.8,0.2400,10,10
CCMR003,3,0.1724,10,10
CCMR03.2,3.2,0.1346,10,10
CCMR03.5,3.5,0.121,10,10
CCMR004,4,0.1008,10,10
CCMR04.5,4.5,0.0946,12,12
CCMR005,5,0.08054,10,10
CCMR05.6,5.6,0.0579,10,10
CCMR006,6,0.0497,13.4,13.4
CCMR6.25,6.25,0.0419,10,10
CCMR007,7,0.02854,12.2,12.2
CCMR07.5,7.5,0.02854,10,10
CCMR008,8,0.02043,10,10
CCMR008.TXP/HXP,8,0.02043,10,10
CCMR009,9,0.01497,10,10
CCMR010,10,0.0133,13,13
CCMR012,12,0.007588,10,10
CCMR012.TXP/HXP,12,0.007442,10,10
CCMR015,15,0.006426,15,15
CCMR017.5,17.5,0.005576,10,10
CCMR020,20,0.004435,12,12
CCMR025,25,0.00296,10,10
CCMR030,30,0.00267,10,10
CCMR035,35,0.00408,10,10
CCMR040,40,0.00290,10,10
CCMR045,45,0.00229,10,10
CCMR050,50,0.00169,10,10
CCMR060,60,0.00112,10,10
KLDR Series
43
KLDR.100,0.1,246.0,10,18
KLDR.125,0.125,134.9,10,10
KLDR.150,0.15,96,10,10
KLDR.187,0.187,66.4,10,10
KLDR.200,0.2,57.8,10,10
KLDR.250,0.25,31.61,15.7,15.7
KLDR.300,0.3,32,10,16
KLDR.400,0.4,12.65,10,10
KLDR.500,0.5,10.7,18.03,10
KLDR.600,0.6,7.34,12,12
KLDR.750,0.75,6.2,15,15
KLDR.800,0.8,6.2,10,10
KLDR001,1,2.94,8,10
KLDR1.12,1.12,2.94,10,10
KLDR1.25,1.25,2.33,10,10
KLDR01.4,1.4,1.5,10,10
KLDR01.5,1.5,0.898,10,10
KLDR01.6,1.6,0.625,10,10
KLDR01.8,1.8,0.486,10,10
KLDR002,2,0.55,10,10
KLDR2.25,2.25,0.52,10,10
KLDR02.5,2.5,0.333,10,10
KLDR02.8,2.8,0.26,10,10
KLDR003,3,0.21,10,10
KLDR03.2,3.2,0.171,10,10
KLDR03.5,3.5,0.239,10,10
KLDR004,4,0.118,10,10
KLDR04.5,4.5,0.082,10,10
KLDR005,5,0.0440,12,12
KLDR05.6,5.6,0.0334,10,10
KLDR006,6,0.0315,14.2,14.2
KLDR6.25,6.25,0.03,10,10
KLDR007,7,0.02674,10,10
KLDR07.5,7.5,0.0205,10,10
KLDR008,8,20.43,10,10
KLDR009,9,0.01497,10,10
KLDR010,10,0.0133,13,13
KLDR012,12,0.007588,10,10
KLDR015,15,0.006440,10,10
KLDR017.5,17.5,0.005576,10,10
KLDR020,20,0.004435,10,10
KLDR025,25,0.00296,10,10
KLDR030T,30,0.00249,12.85,12.85
KLKD Series
25
KLKD.100,0.1,85.5,12,10
KLKD.125,0.125,65,12,10
KLKD.200,0.2,30.9,12,10
KLKD.250,0.25,22,12,10
KLKD.300,0.3,16.2,12,10
KLKD.500,0.5,8.16,13,10
KLKD.750,0.75,0.402,12
KLKD001,1,0.252,12,10
KLKD01.5,1.5,0.134,12,10
KLKD002,2,0.124,10,10
KLKD02.5,2.5,0.0989,10,10
KLKD003,3,0.0773,10,10
KLKD03.5,3.5,0.0613,10,10
KLKD004,4,0.0511,10,10
KLKD005,5,0.0363,10,10
KLKD006,6,0.0261,10,10
KLKD007,7,0.0205,10,10
KLKD008,8,0.0194,10,10
KLKD009,9,0.0166,10,10
KLKD010,10,0.0128,10,10
KLKD012,12,0.0103,10,10
KLKD015,15,0.00782,10,10
KLKD020,20,0.0045,10,10
KLKD025,25,0.003532,10,10
KLKD030,30,0.002776,10,10
KLKR Series
26
KLKR.100D,0.1,57.5,10,10
KLKR.100,0.1,79.33,10,20
KLKR.125,0.125,56.52,20,10
KLKR.200,0.2,28.21,20,10
KLKR.250,0.25,19.22,20,10
KLKR.300,0.3,15.1,10,20
KLKR.500,0.5,6.95,14.3,12.3
KLKR.750,0.75,1.60,8.75,10
KLKR001,1,0.2342,14.3,14.3
KLKR01.5,1.5,0.225,10,10
KLKR002,2,0.135,10,10
KLKR02.5,2.5,0.0906,10,10
KLKR003,3,0.0776,10,10
KLKR03.5,3.5,0.0562,10,10
KLKR004,4,0.0468,10,10
KLKR005,5,0.0332,10,10
KLKR006,6,0.0238,10,10
KLKR007,7,17.8.12.13,13
KLKR008,8,0.0158,10,10
KLKR009,9,0.0124,10,10
KLKR010,10,0.01154,10,10
KLKR012,12,0.00800,10,10
KLKR015,15,0.00725,10,10
KLKR020,20,0.00437,13.8,13.8
KLKR025,25,0.00372,10,10
KLKR030,30,0.00249,10,10
SPFI Series
14
SPFI002,2,0.237,10,10
SPFI02.5,2.5,0.185,10,10
SPFI003,3,0.11,10,10
SPFI03.5,3.5,0.0581,10,10
SPFI004,4,0.0519,10,10
SPFI005,5,0.04086,10,10
SPFI006,6,0.0281,10,10
SPFI008,8,0.0178,10,10
SPFI010,10,0.0125,10,10
SPFI012,12,0.00993,10,10
SPFI015,15,0.00799,10,10
SPFI020,20,0.0045,10,10
SPFI025,25,0.00353,10,10
SPFI030,30,0.00284,10,10
SPXI Series
11
SPXI02.5,2.5,0.1,10,10
SPXI03.5,3.5,0.07071,10,10
SPXI004,4,0.04380,10,10
SPXI006,6,0.0576,10,10
SPXI008,8,0.0349,10,10
SPXI010,10,0.0223,10,10
SPXI012,12,0.0163,10,10
SPXI015,15,0.01331,12,12
SPXI020,20,0.0085,10,10
SPXI025,25,0.0066,10,10
SPXI030,30,0.0055,10,10
0JTD Series
66
0JTD.800,0.8,5.671,10,10
0JTD001,1,3.595,10,10
0JTD01.25,1.25,2.374,10,10
0JTD01.5,1.5,1.833,10,10
0JTD01.6,1.6,1.395,10,10
0JTD01.8,1.8,1.348,10,10
0JTD002,2,1.083,10,10
0JTD02.25,2.25,0.7901,10,10
0JTD02.5,2.5,0.594,10,10
0JTD02.8,2.8,0.4926,10,10
0JTD003,3,0.4638,10,10
0JTD03.2,3.2,0.3273,10,10
0JTD03.5,3.5,0.2997,10,10
0JTD004,4,0.262,15,15
0JTD004.5,4.5,0.2364,10,10
0JTD005,5,0.2050,20,10
0JTD005.6,5.6,0.1523,10,10
0JTD006,6,0.1397,10,10
0JTD007,7,0.1052,10,10
0JTD008,8,0.0907,10,10
0JTD009,9,0.061,10,10
0JTD010,10,0.0340,10,10
0JTD012,12,0.0314,10,10
0JTD015,15,0.0156,10,10
0JTD017.5,17.5,0.0139,10,10
0JTD020,20,0.0097,20,15
0JTD025,25,0.00713,20,15
0JTD030,30,0.004279,20,15
0JTD035,35,0.00409,10,10
0JTD040,40,0.0032,10,10
0JTD045,45,0.00243,10,10
0JTD050,50,0.002,10,10
0JTD060,60,0.001724,15,15
0JTD070,70,0.00129,10,10
0JTD080,80,0.00118,10,10
0JTD090,90,0.000710,10,10
0JTD100,100,0.000622,10,10
0JTD110,110,0.001160,10,10
0JTD125,125,0.000940,10,10
0JTD150,150,0.000700,10,10
0JTD175,175,0.000385,10,10
0JTD200,200,0.000335,10,10
0JTD225.X,225,0.000589,10,10
0JTD225.XXID,225,0.000590,10,10
0JTD225.XXP,225,0.000589,10,10
0JTD250.X,250,0.000482,10,10
0JTD250.XXID,250,0.000505,10,10
0JTD250.XXP,250,0.000482,10,10
0JTD300.X,300,0.000322,10,10
0JTD300.XXID,300,0.000362,10,10
0JTD300.XXP,300,0.000322,10,10
0JTD350.X,350,0.000240,10,10
0JTD350.XXID,350,0.000268,10,10
0JTD350.XXP,350,0.000240,10,10
0JTD400.X,400,0.000195,10,10
0JTD400.XXID,400,0.000193,10,10
0JTD400.XXP,400,0.000195,10,10
0JTD450.X,450,0.000230,10,10
0JTD450.XXID,450,0.000232,10,10
0JTD450.XXP,450,0.000230,10,10
0JTD500.X,500,0.000174,10,10
0JTD500.XXID,500,0.000172,10,10
0JTD500.XXP,500,0.000174,10,10
0JTD600.X,600,0.000124,10,10
0JTD600.XXID,600,0.000131,10,10
0JTD600.XXP,600,0.000124,10,10
JLLS Series
46
JLLS001,1,0.538,10,10
JLLS002,2,0.237,10,10
JLLS003,3,0.108,10,20
JLLS006,6,0.0283,10,22
JLLS010,10,0.01235,10,10
JLLS015,15,0.00695,14.7,11
JLLS020,20,0.005,16,10
JLLS025,25,0.003874,10,10
JLLS030,30,0.0033,10,10
JLLS035,35,0.00284,15,15
JLLS040,40,0.00239,13,13
JLLS045,45,0.00192,10,10.9
JLLS050,50,0.00173,12,12
JLLS060,60,0.00142,12,12
JLLS070.V,70,0.001516,10,10
JLLS070.VXP,70,0.00145,10,10
JLLS080.V,80,0.001244,10,10
JLLS080.VXP,80,0.00131,10,10
JLLS090.V,90,0.001026,10,10
JLLS090.VXP,90,0.00099,10,10
JLLS100.V,100,0.0007863,12,12
JLLS100.VXP,100,0.000891,10,21.8
JLLS0110.X,110,0.0008459,10,10
JLLS110.XXP,110,0.000796,10,10
JLLS125.X,125,0.0007403,10,10
JLLS125.XXP,125,0.00068,10,10
JLLS150.X,150,0.0006167,10,10
JLLS150.XXP,150,0.00054,10,10
JLLS175.X,175,0.0004522,10,10
JLLS175.XXP,175,0.0004,10,10
JLLS200.X,200,0.0003893,10,10
JLLS200.XXP,200,0.00036,10,10
JLLS225,225,0.0003755,10,10
JLLS250,250,0.000312,10,10
JLLS300,300,0.000246,10,10
JLLS350,350,0.00021,10,10
JLLS400,400,0.000184,10,10
JLLS450,450,0.00014,10,10
JLLS500,500,0.000139,10,10
JLLS600,600,0.000091,10,27
JLLS700,700,0.000079,10,10
JLLS800,800,0.000063,10,14
JLLS900,900,0.00006,5,5
JLLS1000,1000,0.000054,5,5
JLLS1100,1100,0.000045,5,5
JLLS1200,1200,0.00004,5,10
JLLN Series
36
JLLN001,1,0.433,10,10
JLLN002,2,0.166,10,10
JLLN003,3,0.0796,10,10
JLLN006,6,0.0233,10,10
JLLN010,10,0.00923,10,10
JLLN015,15,0.006122,10,10
JLLN020,20,0.00529,10,10
JLLN025,25,0.0033,10,10
JLLN030,30,0.002541,10,10
JLLN035,35,0.0021,10,20.5
JLLN040,40,0.00191,15,15
JLLN045,45,0.0014,10,30
JLLN050,50,0.00135,12,12
JLLN060,60,0.001,10,24
JLLN070,70,0.001148,10,10
JLLN080,80,0.000959,10,10
JLLN090,90,0.000809,10,10
JLLN100,100,0.000732,14,14
JLLN110,110,0.00079,10,12
JLLN125,125,0.00064,10,20
JLLN150,150,0.0005,10,13
JLLN175,175,0.000387,10,10
JLLN200,200,0.00036,10,18
JLLN225,225,0.000356,10,10
JLLN250,250,0.000329,10,10
JLLN300,300,0.000252,10,10
JLLN350,350,0.00017,10,10
JLLN400,400,0.000157,10,10
JLLN450,450,0.000128,10,10
JLLN500,500,0.000108,10,18.5
JLLN600,600,0.0001,10,10
JLLN700,700,0.0000783,10,10
JLLN800,800,0.000057,10,25
JLLN1000,1000,0.000051,10,10
JLLN1100,1100,0.000046,10,10
JLLN1200,1200,0.000041,17.5,22
0JLS Series
30
0JLS001,1,0.873,10,13
0JLS003,3,0.182,10,10
0JLS006,6,0.085,10,10
0JLS010,10,0.0155,10,10
0JLS015,15,0.0137,10,10
0JLS020,20,0.0076,10,10
0JLS025,25,0.0047,10,10
0JLS030,30,0.0044,15,10
0JLS035,35,0.00360,10,10
0JLS040,40,0.00298,10,10
0JLS045,45,0.002429,10,10
0JLS050,50,0.00230,10,10
0JLS060,60,0.001526,10,10
0JLS070,70,0.00156,10,10
0JLS080,80,0.00126,10,10
0JLS090,90,0.000956,10,10
0JLS100,100,0.000950,10,10
0JLS110,110,0.000863,10,10
0JLS125,125,0.000731,10,10
0JLS150,150,0.000709,10,10
0JLS175,175,0.000510,10,10
0JLS200,200,0.000403,10,10
0JLS225,225,0.00047,10,10
0JLS250,250,0.00036,10,10
0JLS300,300,0.00030,10,10
0JLS350,350,0.000235,10,15
0JLS400,400,0.00020,10,10
0JLS450,450,0.00019,10,10
0JLS500,500,0.000156,10,10
0JLS600,600,0.000135,10,10
0090 Series
26
0090.0001,1,0.394,10,10
0090.0002,2,0.237,10,10
0090.0003,3,0.11,10,10
0090.0004,4,0.06127,10,15
0090.0005,5,0.04086,10,10
0090.0006,6,0.0281,10,10
0090.0008,8,0.0178,10,10
0090.0010,10,0.0125,10,10
0090.0012,12,0.00993,10,10
0090.0015,15,0.00799,10,1
0090.0020,20,0.0045,10,10
0090.0025,25,0.00353,10,10
0090.0030,30,0.00283,10,10
0090.1001,1,0.394,10,10
0090.1002,2,0.237,10,10
0090.1003,3,0.11,10,10
0090.1004,4,0.06127,10,15
0090.1005,5,0.04086,10,10
0090.1006,6,0.0281,10,10
0090.1008,8,0.0178,10,10
0090.1010,10,0.0125,10,10
0090.1012,12,0.00993,10,10
0090.1015,15,0.00799,10,1
0090.1020,20,0.0045,10,10
0090.1025,25,0.00353,10,10
0090.1030,30,0.00284,10,10
LVSP Series
10
LVSP0005,5,0.002830,10,10
LVSP0010,10,0.002535,10,10
LVSP0015,15,0.001769,10,12
LVSP020,20,0.001213,10,10
LVSP030,30,0.00117,10,10
LVSP040,40,0.00082,10,10
LVSP040.HXP,40,0.000705,10,10
LVSP060,60,0.000585,10,10
LVSP080,80,0.000469,10,10
LVSP0100.VXL,100,0.000403,10,10
0KLQ Series
6
0KLQ001,1,1.414,10,12
0KLQ01.6,1.6,0.6536,10,10
0KLQ002,2,0.400,10,10
0KLQ003,3,0.1829,10,10
0KLQ005,5,0.0848,10,10
0KLQ006,6,0.0571,11.7,10
0TLS Series
20
0TLS001,1,0.441,10,10
0TLS002,2,0.15,10,10
0TLS003,3,0.0736,10,10
0TLS005,5,0.0292,10,10
0TLS006,6,0.02098,10,10
0TLS010,10,0.00995,10,10
0TLS015,15,0.005368,10,10
0TLS020,20,0.00375,10,10
0TLS025,25,0.00308,10,10
0TLS030,30,0.00274,10,10
0TLS035,35,0.0024,17,15  
0TLS040,40,0.00177,12,12
0TLS050,50,0.00121,10,10
0TLS060,60,0.00093,10,10
0TLS070,70,0.000734,10,10
0TLS080,80,0.00068,10,10
0TLS090,90,0.000572,10,10
0TLS100,100,0.000469,10,10
0TLS110,110,0.00042,10,10
0TLS125,125,0.00033,10,10
0FLU Series
4
0FLU0.44,0.44,0.41,10,10
0FLU011.T,11,0.007855,13,13
0FLU011.M,11,0.007855,13,13
0FLU011.U,11,0.007855,13,13
SPXV Series
8
SPXV006,6,0.0576,10,10
SPXV008,8,0.0349,10,10
SPXV010,10,0.0223,10,10
SPXV012,12,0.0163,10,10
SPXV015,15,0.0131,10,13.89
SPXV020,20,0.0085,10,10
SPXV025,25,0.0064,10,10
SPXV030,30,0.0052,10,10
